	Fabp_1	Fabp_2	Fabp_3	Fabp_4	KrasG12D_1	KrasG12D_2	KrasG12D_3	KrasG12D_4
CCND2	2596.02294	2163.525632	1491.389932	3330.937551	4372.969814	3281.118992	5859.498617	3223.621778
CLEC10A	3.121270832	3.185100963	3.257662842	3.010759009	4.472183814	6.928586852	1.230586846	6.506664415
LCK	73.32621698	159.8678406	146.4020485	110.0471353	65.04768445	152.6043626	92.67668197	51.70663895
TCF7	69.68316945	74.43518469	74.58409543	96.28365082	67.91179339	63.39822939	55.75289889	25.64110141
VPREB3	0.951081573	15.99756995	18.25614628	14.5830016	8.637346288	7.340409842	15.83359085	1.885636249
EPN2	191.2641047	162.8947771	141.6186574	355.0298282	229.057366	187.0812045	223.9885879	191.5153597
CFP	14.97024005	24.64535112	24.31495974	57.78071451	58.9635829	19.41616127	16.37336395	25.73690563
MXD1	10531.53321	12444.88622	18570.88594	17920.53892	27997.95986	22550.55683	37271.07685	25058.17606
ACP5	2923.790766	2663.429381	2265.735161	3186.602409	2388.515552	2001.39588	2604.766792	2442.41953
TBX21	8.741778966	29.17834207	13.80822807	8.266390251	6.372187718	11.94873998	4.880938944	1.849849768
ACAP1	8.663102228	56.35988911	67.8935481	51.99807113	43.43972965	36.82387287	32.41213225	19.36621777
GSTT1	399.0031064	122.6208987	155.7277152	243.1757006	121.8976138	85.78182689	145.4100332	163.1915681
CPA3	0	3.972098076	1.731291015	2.036200675	3.243704835	2.15886133	13.73142464	2.053423016
CD3G	80.62056896	113.1695819	88.39535166	34.95296128	56.99416855	87.01198959	27.02653345	42.09948578
BRAF	340.3086089	263.3419889	455.2452654	398.4642517	389.4313226	318.4503008	407.201674	340.8540351
PLA1A	0.929215572	4.408960589	1.132245031	4.56957371	3.212484461	0.938754073	7.653372318	1.839619446
MICAL3	0	29.9455756	0	0	0	0	0	0
EBI3	1.910917841	8.027530919	0	4.584879395	3.253050033	4.56491774	3.597257829	1.875265326
HCK	275.4276052	171.4287379	174.537999	147.4299569	236.3177157	186.3048779	54.60834318	189.9790475
CD79A	9.355136648	149.0816635	186.4572074	199.0511697	170.5031075	37.79585652	240.3076985	47.35393979
ETV3	1405.611629	1457.131384	2045.658035	2080.469625	3532.186615	2213.868276	4120.21818	2454.153824
FOSB	76.08403564	0	0	103.1752834	102.5058595	118.4123149	204.0920848	128.6420487
IL7R	0	25.47787352	20.72717171	0	24.6689867	0	0	0
IL12B	0	1.739201762	2.29016053	1.786740555	7.530249979	2.8279403	2.589457517	1.826582035
CD33	0	0	0	0	5.314274206	0	3.83111796	0
TYR	0.888253312	0.880048805	0	0	0	0	2.67581032	0
LY9	4.511087648	28.33929747	27.92478912	26.58377167	35.17256897	24.99588323	22.71686041	5.330807826
CD244	41.79346364	57.34319877	19.8883539	14.20904671	14.05036631	28.13738942	6.828778055	3.203728551
EMR1	41.49615374	67.40810352	36.38196173	23.50244795	42.00160649	61.61798702	22.08491586	21.22381948
FCER1A	0	8.205589694	0	0.815419572	1.958407823	1.096801593	0	0
SH2D1A	1.415225888	4.426194248	5.518577708	2.728250088	9.727403169	5.627658937	4.356959522	0.921826523
CD247	11.34667994	29.39263799	21.9360449	8.091828235	12.95513184	23.5628827	14.07264944	7.310887191
TNFSF14	1.882095443	5.33466507	4.552273839	1.827004314	7.479918304	6.488666346	3.762493973	1.850860556
P2RX5	0	0.890369193	0	1.804118864	0	0.927720215	0	0
TEP1	1908.534986	1426.501362	1828.826259	1531.132945	2022.732936	1851.253553	2448.868555	1654.093873
ZBTB32	12.86134369	15.05461764	11.691243	12.55340155	25.8315803	27.93007586	38.45154776	57.38818424
GGT5	7.271084442	15.9324812	5.098970066	0	4.78972055	0	40.27411121	2.602533247
PDK1	857.0654617	1207.558624	1343.753985	1448.03998	1889.918009	2454.684173	2466.67424	1608.627729
CYP27B1	0.804264647	0	5.093320807	2.58284128	0	0	0	2.711128319
FZD3	128.0745524	255.3709884	283.0607544	97.6359765	48.80237583	82.27569349	5.27031556	12.92316472
SPIB	114.9900958	153.1911238	209.767812	254.5479771	232.4201333	45.39481311	198.1921378	133.6638686
CCL8	10.31233394	78.3869479	51.7353779	46.23475087	16.07380122	39.19399141	6.333166337	5.504417085
TNFRSF13B	8.333126354	40.14898046	80.71837069	46.94184031	71.48038741	16.66317888	43.8237416	6.633235467
STEAP4	86.31237952	161.6154226	237.2915975	1187.046993	2691.126012	659.028511	3545.612473	643.6750854
BLK	0.934216334	25.77536745	38.94784173	29.20230858	9.608082631	2.773424485	46.65896954	10.18225443
PKD2L2	0	1.710843551	1.115497142	1.012706646	2.08238928	0	0	1.793825826
CSF1	32.30189995	42.06238892	10.64579445	39.63555067	27.8907297	36.18012125	17.2220581	12.16128293
ADAM28	4.621845596	2.633234085	2.289025983	8.143847203	1.078309788	2.826825529	0	0.924711666
NIPSNAP3B	864.4166759	1260.555602	1106.567485	963.0411843	1017.236447	1411.381028	1026.350765	1053.933072
SLAMF1	6.46061663	5.835514816	12.71880447	12.76539684	6.28444692	10.77807963	11.17990448	5.274502581
GZMB	130.5958721	282.5589073	281.1853475	74.80083531	85.05268131	250.3322488	41.81691477	35.87205728
PPFIBP1	386.7875457	339.1057223	398.6455788	470.4940095	676.8068613	629.3392508	730.3019454	650.9625047
PDCD1LG2	1.86672542	7.033995615	2.272953879	0.91338484	2.140170302	2.802687268	1.279944722	0
TRAF4	943.9545582	737.9237845	693.2582063	913.6124846	713.4964816	675.8551582	935.3934848	907.2398857
CD40	4.713420688	27.07203033	8.043726647	18.50674986	12.71885885	5.72776286	21.52981555	3.978779558
MMP9	8.666575132	1.722205064	1.227128802	1.45479868	6.167140225	2.460490674	1.959870652	9.086029115
DHX58	594.9235487	276.0147336	451.445885	415.5258106	662.4869968	636.8843839	514.4285699	119.0858389
IL12RB2	2.095192764	3.217136204	8.328487477	4.850997936	1.960244255	2.154917949	2.33988488	0.832188937
CD68	31.62592183	28.68006322	63.82763658	32.85875545	28.77571805	37.61130254	17.2377178	14.93894074
ARRB1	1735.299807	1085.702326	1252.365198	1027.298652	1176.092735	1168.979871	1184.6327	1234.344113
CSF2	0	1.768481368	1.145139426	0	0	0	0	0
ALOX15	6.732589518	112.7339338	37.44620849	91.73431235	5.367485395	22.3290689	2.712522806	0
CCL4	9.207360947	16.16881834	7.938763608	2.715028815	6.381103976	12.14592011	2.484824468	1.908462688
FRK	3165.04562	2914.021156	3799.598864	2317.422563	3893.153826	4607.29389	3918.535751	2823.834101
NMBR	0	0	0	0	0	0	0	1.834805695
MYB	722.2726415	737.4129543	690.5342001	1033.427579	631.3468946	671.343269	624.0970345	772.9258546
VNN3	0.925146368	3.49844707	2.283593408	0.912669236	0	2.816089333	1.285166654	0
HAL	0	0	0	0	0.510127234	0.446442663	5.561657329	0
LTC4S	29.17374372	9.054088004	6.856069323	14.86726655	13.70650731	21.24273552	7.458660609	21.4973244
ITK	22.2580742	53.49783147	66.33219654	21.54049304	23.57148903	51.73735362	29.12111488	11.43015072
TRIB2	24.08414438	33.70136745	27.29442035	36.49337903	192.8277494	82.15635732	344.192178	147.0929719
RSAD2	670.8989207	222.1358213	526.1511064	546.0385325	878.2190448	768.4919249	1014.704316	124.7599298
CCL1	0.929148088	0.884493049	0	0	0	0.93758116	0	0
P2RX1	14.54020791	7.576333484	6.273671968	1.808368247	5.059046504	5.117755011	0	8.853716261
ASGR1	0	0	0	4.92050745	0	0.687731071	0	0
TSHR	1.000300146	0.475855975	1.237842538	0	0	0	8.162679843	0
MAK	0.937484904	0	0	0	0	0	0	0
LY86	12.1073927	26.20068615	25.09052281	22.56704749	35.49185744	43.89342207	33.66292174	5.509801694
CD180	4.535584485	18.27918161	32.70392018	24.75752449	36.85200787	14.8984276	42.02221029	9.083469256
PTPRG	519.6085781	512.7795721	259.0952089	413.0744372	888.3763671	1723.011877	881.1927261	992.0281491
CDHR1	102.8011136	109.460662	109.6980729	123.620243	84.72261256	109.1283917	102.179648	58.99181281
RNASE6	0.92294512	13.16717958	19.49957609	8.953463317	10.67300471	10.33047109	14.3903829	1.833122564
GPR65	13.81225281	24.42703381	25.06439046	11.67818066	26.6850717	21.85536698	13.10309088	7.321588825
ADAMDEC1	1292.849648	2018.058076	1115.412538	390.0875852	872.3489302	1895.14602	344.5344928	386.4411774
CMA1	14.91441926	1.748449567	6.818698	17.95467017	59.48592018	2.79295761	191.4059997	0
DCSTAMP	0	0	1.149675064	0	0	0	0	0
UPK3A	0	0	0	0	1.075185863	0.930066478	0	0
TNFRSF17	1.895420698	11.4455923	10.33283952	14.59855112	8.590995184	5.554288587	1.254503124	0
MEFV	0	5.936876437	5.577134137	7.883716895	0	7.318333296	7.873878796	5.336516686
CD96	29.3541359	55.68600624	52.41723139	18.96770461	28.02929688	39.47605589	10.495984	15.56665422
ST3GAL6	886.0954497	599.2161027	1019.219545	2582.525342	2111.208567	1132.806811	3260.324323	2882.422511
EAF2	23.0178796	42.56230422	73.93478326	181.9305271	91.64092599	24.40596974	203.3511141	19.88210481
SAMSN1	5.457961326	14.57070979	17.08712548	16.05525128	12.11352749	17.0835421	10.72809809	4.503192914
CD86	6.967366424	32.29323317	20.54794019	19.07339203	15.66013793	23.52741699	27.254971	12.56214749
CXCL13	9.906130123	109.4677078	95.31847421	164.0120211	100.2063798	37.91735413	181.5608807	60.35798815
GZMA	257.9210045	607.9329348	494.685134	81.14394578	152.9165806	430.8371531	84.2443194	66.63696837
CD4	4.934281883	125.6777677	7.545954572	102.8899781	54.71366438	49.74427185	144.7632522	4.957936759
ACHE	24.66677165	49.70598262	33.79213608	23.13325768	19.92275521	33.71543138	44.03625094	26.46295445
MMP25	0	0	2.299350129	0	0	0	0	0
PLA2G7	41.93317212	83.72697793	50.08264075	69.60939192	36.38542779	40.74657458	85.70836003	72.75491739
MEP1A	10023.89507	7086.450912	8661.170222	5027.253663	8314.491816	7080.296188	6318.26448	6950.280838
TREM2	2.176785514	6.352587572	0.938220816	6.425918999	1.243063706	3.169344989	0.791815121	6.644318383
SIK1	91.45529327	64.20081507	79.16472102	85.52971355	108.2983354	63.33110774	188.4450974	105.9074069
QPCT	1.836620451	11.45301507	16.00671117	7.20497766	78.09333475	27.41187478	144.2869691	53.44467387
MZB1	16.85746647	168.0758338	94.17216511	95.85270731	83.5229456	70.74045853	55.05381157	12.05237588
AIF1	7.743576098	39.72888687	24.21561523	40.19797874	59.99098653	44.86789156	14.210231	16.52215449
LTB	21.65941714	91.96767345	73.632868	42.62820438	81.13501571	53.9938246	95.9563637	24.18066488
LTA	2.808432592	5.3082951	4.563028282	5.516715144	3.211843377	0.926967571	16.09493228	0.936887655
RAB27B	818.820461	674.9122424	961.5402687	1082.770399	1493.636056	984.2857037	1716.172855	1741.334086
GALR1	0.937941393	0	0	3.617115712	0	0.929434592	0	7.383902566
CD5	10.32835077	15.81738754	18.46158991	11.8409301	24.66257109	41.84400172	16.27179267	11.08832276
CD6	23.52762097	45.62728484	34.98226366	15.94814982	26.71325668	31.83527775	15.1307469	17.37759881
MS4A1	6.275393032	108.1319136	199.6594807	158.4999018	166.3515461	32.34950932	256.0077506	31.94660273
MS4A2	0	1.284841601	0	0	5.844132686	1.407546897	0	0
MS4A3	0	0	0	0.906563743	0	0	0	0
TRPM6	1466.118283	885.3352576	1151.215625	3280.214647	368.7341589	189.4402122	369.305135	280.3183086
SLC15A3	14.44471111	21.29857154	43.17014416	20.31391657	20.85478077	12.84741767	15.65010476	4.616743895
FRMD8	1026.381197	719.5366862	916.6903289	887.4021503	842.7161678	871.8121097	1134.872868	1401.381207
CTSW	39.0560172	87.06888708	82.89832579	39.19338309	27.93165339	61.55376218	24.00134713	24.85557201
MAP4K2	133.4571166	121.9752708	79.85673493	39.38373756	86.0799014	107.5846398	103.4745958	93.29735105
HHEX	6.143314024	9.929492455	22.44347101	57.1788328	28.41507079	18.71350785	24.72419237	13.89562377
CD7	98.51160749	219.4284153	215.9096048	96.64506046	92.8974046	176.740812	35.9967664	36.070336
PADI4	1.265313179	2.3288925	0.757783505	1.20530279	8.316434109	0.607857089	7.691016252	0
DGKA	1954.735309	2404.192661	3168.359873	2500.049441	3809.515262	3494.00284	5167.241524	3684.56363
CRISP3	40.88387822	17.35688371	5.660377952	22.4159745	63.47967061	7.648288846	43.13086032	60.80226973
ALOX5	123.947955	85.47863069	25.52215169	70.71065583	125.0012648	26.37815477	56.78640741	127.4715243
HK3	0.812582539	11.37595855	7.851076579	4.700850509	15.70257644	3.164022031	4.249750802	0.799627025
IL17A	0	0	1.156000719	0.901603011	0	0	0	0
MSC	0	1.454310728	1.884228999	4.468145382	1.542491139	1.545996643	3.225605426	0
SLCO5A1	0	2.430135786	0.783167906	5.889230768	0	0	0	1.502703473
ICOS	3.618612224	21.95113575	13.65778981	10.82562951	10.67554562	8.544969749	20.89440753	5.557928264
CTLA4	0	0	5.629830536	0	0	6.630156969	0	1.845798572
CD28	4.06480165	7.20543255	31.35499844	6.557622412	11.59312598	15.54688254	5.999456884	3.343534961
IL18RAP	11.71282209	16.19978636	19.64753043	15.27652404	35.2821911	13.93592558	30.17797216	9.104071404
IL1RL1	22.15663231	25.61954715	17.90136278	17.32635366	69.83565152	8.675231592	4.426929978	11.84557036
IL18R1	15.86753724	17.56325878	26.12435935	5.751033432	13.36639458	12.67718255	11.76690063	7.137142696
ZAP70	23.68047724	62.05178617	33.78307482	17.66283851	14.7839942	40.46177553	28.3841343	18.35569723
CCL20	29.73462041	37.55003292	77.99955313	166.6220026	83.51315768	8.674595701	32.13428431	31.98603414
CYP27A1	186.9566521	169.5637815	157.8865316	157.2159954	179.4047727	46.21981408	483.0547662	165.7761035
CXCR2	6.450359694	0.874889515	2.279737056	6.336168313	2.139378477	3.741141905	2.595742518	3.703429026
HTR2B	0.929143869	0	0	0	1.081206509	0	0	0
PASK	86.18420202	76.08328345	87.18368134	58.3533217	37.80308731	51.34671709	27.70813356	48.35784184
PDCD1	0.933469681	9.762029576	6.824071644	6.352934956	4.3046231	8.326357615	5.04617301	3.724378479
TNFRSF11A	1222.10049	970.9515085	1153.488474	1509.356195	1424.253362	1229.763094	1306.651356	1229.476744
RGS1	14.32877921	30.94899303	40.23948107	22.76994413	16.77632211	39.75611832	15.26331177	20.09569198
MARCO	2.799484426	3.527550384	0	0.906097643	1.065025911	0.931657671	2.562909236	0
NCF2	254.8802477	338.6287797	296.288819	585.2340825	375.2483036	167.1538964	528.224718	229.0682746
MNDA	19.39630601	14.6546079	13.76113359	9.785388418	34.37934211	29.41333195	8.041165992	2.703584832
SELL	14.47988913	16.7305411	27.8287299	54.55029014	44.26098097	18.57122591	32.85526874	2.167666639
RALGPS2	996.191984	1021.631007	1130.250191	1201.626188	1636.07846	1556.560221	1565.101845	1624.512609
CR2	0	14.58582691	143.9684383	59.82067264	29.70987061	18.64302915	363.6694861	9.177391056
FCGR2B	112.0637961	140.9021439	131.7949228	143.3158983	75.73986293	99.98386339	86.60294914	30.08324093
FRMD4A	107.4244451	78.58929965	66.3329739	109.2675625	78.51915159	80.79508482	57.90919963	86.15218837
IL2RA	6.653417145	3.237052468	2.090956046	11.63511545	6.874066287	3.487127893	11.77120524	3.393777928
KYNU	1.34000644	5.83722468	7.253186359	10.24234378	4.7294995	10.46220673	8.400264749	2.028261121
HNMT	29.61200917	43.10645431	42.54473213	24.62531263	17.41920748	34.36531283	5.109970691	16.72498647
PRG2	3.713560782	5.28539792	3.453674059	3.633116294	6.425577082	7.565057287	0	0.911653076
SLC12A1	0.937484904	0	0	0	0	0	0	0
SIGLEC1	5.635978855	3.605874157	3.498218947	0.929726889	8.436911051	1.795128894	4.875415633	5.664879385
HDC	1.938640886	1.524299197	14.36636544	2.470654994	10.96997369	2.535568253	0.469688218	1.261033367
DUSP2	8.179311836	19.38284321	17.36346415	21.91332978	24.3532636	17.10620757	24.28927445	7.847521545
IL1B	18.64622762	14.50304275	28.81366883	15.02881234	9.051087676	17.78319273	10.89442228	8.962546067
IL1A	0.91612124	1.760434531	3.39819786	4.506200359	3.195033334	3.814222412	2.626091011	2.73294304
BFSP1	61.79363973	70.71986142	104.4002244	257.7827705	82.75931091	55.96700219	231.8173272	83.53764515
ANGPT4	0	0	1.144892289	0	1.07606329	0	0	0
ZBP1	1191.036815	1655.164846	1728.342864	2163.5651	1554.795159	1899.620419	1976.204487	282.7925121
IL21	2.925894725	2.67841521	0.784168637	0.622491157	3.363427152	2.926661939	0.463154684	0
CD2	7.012582039	40.33384119	33.46860559	27.26940961	30.12834678	19.3839091	32.82616115	9.491143566
FAM198B	93.18382213	49.63120618	32.22423573	25.3359436	7.660885158	14.31939657	20.9460137	5.235343497
LEF1	3.737961761	2.550877382	2.597696363	5.10464655	10.78631928	5.276910524	6.539429062	3.098034065
TLR2	929.1353344	1264.111388	886.8826913	655.1761212	162.6657274	270.0503167	114.2486594	154.7219054
NR4A3	4.15162456	4.60494102	7.074569414	7.52081969	14.30202539	8.787669999	14.56431824	8.294515349
CD72	26.08665962	38.46584017	86.18796363	60.76516687	61.6402164	43.75710225	32.24688085	27.5424744
SIT1	1.271526977	2.61687275	4.646082936	3.759719284	1.576053194	3.433441873	3.665920712	1.248901802
BEND5	0.981784157	6.753888864	13.52444288	8.18519076	5.284246651	3.786452711	21.57178336	5.345028516
ORC1	59.30942711	394.4317035	52.86721734	41.0361596	40.25606498	422.2598214	30.42326538	44.03249185
CDA	515.0764417	385.3139237	346.9967104	338.3034495	1251.771412	1314.900933	1280.129764	1232.705344
CSF3R	3.717022812	4.408045872	1.138053212	4.558964701	9.721122601	4.657691915	3.777616601	0.928450129
SMPDL3B	139.3081083	551.7692429	493.8288124	340.2346386	274.9845001	373.3200853	223.2064199	129.5637958
PLCH2	305.8679443	283.5388027	334.945896	390.982477	211.6778069	231.5709876	231.3084115	266.1325378
TNFRSF4	0	2.630739062	10.24051792	0.910228125	2.178929173	3.712159106	3.762546862	1.85241871
BST1	2.499556444	8.437617811	6.916916487	16.46872558	33.84837995	8.380298911	7.137539626	2.517883071
CD38	3548.638412	6471.457122	9465.805221	9659.23417	5716.845551	5563.0554	7457.053859	2703.595225
TEC	330.2131537	331.9475271	388.0874067	368.9938849	473.3920507	424.7242443	415.500603	499.9903914
STAP1	7.153592908	3.137069314	5.151243838	4.874493453	7.99393376	5.96526482	13.08361075	4.300747709
GFI1	137.0337223	91.43607876	100.4530932	138.9973673	111.3019718	40.63829301	74.13073117	117.5883635
CRYBB1	5.334672496	3.341270478	1.223178382	0.977439148	1.151072612	2.585325772	3.47338639	1.961163178
CXCL5	14.45547244	11.42049038	27.05232336	160.925733	50.49840667	1.92110372	71.36652005	6.416476647
PPBP	1.797493261	1.774773605	0	3.631868254	0	0	2.618646815	0
CXCL3	0	0	3.419289846	8.165322852	1.056077788	0	2.590837985	0
ABCB9	168.9104811	126.4873281	180.7719111	117.9423653	204.0137919	140.4042746	183.1917721	205.9617199
CXCL9	71.32973963	202.676021	74.00333229	169.838796	219.3063258	296.1691197	232.3960326	36.13786564
BCL7A	119.1326397	116.1960695	96.79240672	107.0229209	72.36451769	82.91248297	44.43983482	83.66559375
HOXA1	4.724221212	2.675655276	3.089945525	0.917420749	1.093073173	0.952523023	3.860273996	2.812110672
EPHA1	988.4946546	1073.754535	1123.157868	622.8606338	852.6355703	1242.334485	836.3031373	1186.154383
HPGDS	101.3101873	66.76250404	91.83193866	158.1716426	296.8836086	126.4134768	242.6498701	162.6784829
KLRG1	0	5.231104218	0	1.804768733	1.061489895	1.874169216	1.286166095	2.76539039
LAG3	12.74487192	17.8311199	18.77351723	14.26873819	19.49120251	19.3335089	26.10258233	13.65298976
KLRK1	1.608821555	21.77535405	12.97864118	9.497037378	12.44229654	7.938375263	6.819254677	0.808681969
CD69	9.109331676	21.69862429	14.73376593	11.64272544	10.71594421	17.12800803	14.61241148	6.439373424
CLEC2D	1091.021181	1917.69382	1659.380097	1288.642855	623.8431942	936.3611222	705.5929614	736.1319613
KLRD1	22.31063872	43.68166988	28.62918845	11.54012208	14.917509	18.74417285	13.02662656	7.160134449
WNT5B	10.66576372	6.280260425	4.684987377	4.667001208	6.579004421	6.445923943	0	7.399465083
BHLHE41	2.627125375	17.53793281	31.04181196	10.96983411	44.48281369	9.32985402	4.496652456	5.899391791
LRMP	251.2858523	90.812593	181.8088782	447.6108413	834.6887627	238.5020923	1371.531808	882.2094859
ST8SIA1	5.869762149	12.27952535	74.30881146	118.1612421	51.37250458	5.029250818	75.30682761	3.465518684
DENND5B	259.9784039	147.8402434	228.3096197	158.9805633	388.1465722	272.2167141	500.2617144	441.9233421
CD27	0.734087399	6.917394513	7.873070655	13.1471822	10.17845044	2.189834864	5.911462422	2.910954502
GIPR	2.818471871	2.667905468	3.43114947	8.234631343	2.140726743	1.857234353	3.762976904	0
PGLYRP1	2872.49279	4038.8903	4176.984375	8169.286507	6842.319922	4302.994538	7986.993152	3341.952655
SLC7A10	0	2.833323431	1.072146079	0	0	0	0	0
CD22	10.12266887	51.43564721	153.1650649	51.5867832	70.88763734	7.06444151	102.8311191	57.29675176
CD19	0	12.28325398	0	44.54767445	25.72080381	0	0	8.264077339
LAT	0	41.72330822	0	11.85233654	35.10764566	63.582212	18.73386068	15.91687078
TRAT1	0	4.40319345	0	0	0	0	0	0.917521121
CD37	0	26.89164672	71.61687275	36.40816028	57.91644577	22.34373117	60.36791844	11.26599668
SERGEF	78.03187156	84.35989004	45.75172568	75.20264432	41.62664863	52.76966283	66.410858	57.05645367
CHST15	101.71837	66.15776594	66.66500764	123.9971447	934.1505992	250.5070577	1985.861365	547.2263315
GPC4	620.4480071	479.0230827	478.2018583	1018.144754	1112.540622	727.923502	1782.424131	812.1809494
CD40LG	0	0	1.13619967	0.891951747	1.059630679	0.937854318	1.310798573	0
RENBP	18.84008381	22.1974366	24.74270778	8.682434241	10.38942183	33.67870964	4.08643502	3.546841173
RASA3	305.6596424	674.7246315	336.5857675	361.2404225	263.8722886	309.2664573	166.2311119	285.0073813
IDO1	184.1549723	1320.740625	923.8233571	812.4342024	410.1411734	650.9309564	831.4386324	73.67556683
CCL22	1.295596652	8.182815546	19.18692925	5.792246965	5.298116517	24.83855543	11.65456443	4.619280197
CCL17	0	0.871881737	1.156351186	0.911828126	4.311237655	0.938609274	6.215039172	4.613650865
SMPD3	1526.116702	1666.86453	2074.25527	2569.110039	2292.470182	1283.071851	3059.46441	1735.346489
BIRC3	680.2876947	639.9140782	844.0746933	1117.146515	1003.590653	582.0160121	1698.487676	969.6875368
CRTAM	7.312273157	7.983235263	8.855189341	5.822481101	11.08206302	3.684286184	1.661461419	1.65881633
BARX2	24.78693803	7.113522656	17.32038844	37.21395517	23.31849849	7.441578372	33.10870418	16.75747208
ETS1	95.94596025	222.0023294	325.9091589	186.3432961	201.7665279	323.6175746	239.017814	68.35579017
CD3E	43.11306525	83.0020661	78.61690629	20.23269407	34.47311058	78.03467059	29.07279398	12.09122159
CD3D	42.76032694	53.19956346	51.57930668	37.63013094	39.47720539	59.36403871	22.02680156	17.51913548
AQP9	0	1.768618506	0	0.906785368	1.053369868	0	3.841459304	0.919233528
PAQR5	1550.836349	1233.651052	1052.007256	709.8350699	1433.82808	1259.985118	1714.22481	1262.215572
DAPK2	566.4271505	642.6554967	681.2797111	752.6662455	744.636317	655.477572	1155.436959	831.8535924
CDC25A	1105.184403	1088.485019	1185.162674	908.1727873	732.3827453	809.9170069	606.8092779	657.4382397
GPR19	11.07819774	14.7972913	5.543585976	31.93387626	13.77003169	14.63238172	10.18455592	3.998753596
NLRP3	1.368048918	2.561393161	5.827222008	1.991097433	7.029616884	2.736794566	0.936490518	0
PRR5L	105.3275876	287.1286875	183.2807988	55.54022948	57.92502787	21.8962968	56.63463325	13.92786831
P2RY2	167.6287776	331.1577034	340.0572705	365.29823	1169.543563	724.7393063	1223.156087	788.811774
RASGRP2	11.77729394	26.34622228	7.270146658	15.42506806	27.30028397	24.81999185	59.28424759	11.95017307
KLRC3	0	0	1.149675064	0	0	0	0	0
FBXL8	226.6606616	235.2484044	245.4385075	226.8563901	289.8732905	232.7860282	295.9364744	310.3219921
APOL6	319.1572976	1281.713948	1008.798054	438.4660969	1146.584018	2327.667847	268.5584063	863.4594775
MAP9	13.60435184	4.36474679	53.8520324	6.130098452	107.3652102	8.828681661	61.09250894	87.52894328
DHRS11	1693.057374	2015.65612	2406.212083	1798.175053	1561.795363	1426.461953	1384.881047	1825.738151
PIK3IP1	10.3499784	58.26842301	60.26204637	18.49978678	11.52278814	13.24515216	32.31265516	3.156661134
CD300A	5.21218563	20.07422513	7.321368476	8.430633657	27.12146681	63.36553077	4.589399442	8.599801848
BMP2K	456.4585463	441.0842397	444.461626	446.2927363	582.3858048	603.6448583	733.9918785	642.2055299
CXCL10	46.59051571	60.81275272	29.06928277	122.8944374	218.2994528	184.0070063	291.0681933	44.13005472
DPP4	560.8979931	295.8479529	646.9635093	647.6641865	255.0943048	383.5165553	351.1761008	538.5203408
IGSF6	3.691603207	6.063569317	7.978644827	7.177465062	13.924013	5.670202371	14.55591381	4.566225077
CCL5	248.705238	535.2013674	281.6672455	128.6348948	217.7700481	422.94158	76.94889551	103.779913
RRP12	154.3643231	152.8449692	151.9202181	147.0977345	159.7807325	191.855204	88.98856346	133.892711
HPSE	256.291352	301.5121044	274.2236221	317.6053763	179.0574219	286.5403073	201.8248447	171.0604284
CCL7	3.586163091	0.879496936	7.998658444	42.75931535	3.239902941	5.696169123	13.21079721	1.839694058
CCR3	0	0	1.117035824	0.896415849	1.056448373	0.943531265	1.322637046	0
SLC12A8	1171.278263	787.3904273	716.1875278	849.9130061	778.7646778	714.2227309	580.147297	842.4926426
TTC38	1001.492839	1273.695833	1270.6761	903.9882252	1414.384713	1463.071703	1197.168172	754.8040159
FAM65B	14.07040877	33.95354589	90.693432	39.50702447	33.68424987	28.99143192	65.00061798	22.97855839
SLC2A6	155.0561453	88.92111599	128.2199541	63.85713463	40.40112047	52.37773997	29.5368866	10.39880136
SKA1	41.91096955	30.03164326	21.76632363	44.35840963	22.33871781	30.11976458	6.509943784	13.88372071
P2RY13	3.650473247	11.45578048	13.75530701	17.93922169	8.552318717	7.558541741	6.475252217	3.698266765
P2RY14	9.290586505	0	0	0	0	15.06646396	0	0
TMEM255A	0.793992594	1.541420477	1.970129591	0	0	1.645515282	0	1.638623305
PRF1	5.725355384	0	0	0	0	0	6.222056907	0
MAP4K1	0	69.35805069	57.53800593	57.20136388	58.00030682	38.11939962	56.39446846	0
CHST7	2.996838913	0	0	0.917170136	0	1.841024341	2.355295879	2.783735703
DEPDC5	288.3119643	218.2239636	399.8247147	284.6562657	345.6545199	206.4376396	322.9841254	383.3230593
VNN1	302.0199219	248.1067035	320.4637908	85.54484324	111.4763616	128.3730011	79.99382284	89.23102056
PTGER2	2.745949611	7.098619147	2.265236789	3.643261056	2.129436042	5.650485642	1.279655922	0.930183326
AIM2	704.1669173	698.1972069	766.0989387	826.4245995	783.1667556	853.7595757	1019.590148	1177.511051
EGR2	21.52211652	3.469016062	17.13299859	2.662113503	3.1001257	4.376259108	3.653276732	32.43491564
TMEM156	1.850513434	3.520626266	3.450522039	3.643237107	1.079431001	0	0	1.837387848
BANK1	0	12.13415648	47.77227729	48.97130349	31.06201108	6.583535933	63.1156332	0
CCR7	1.910786289	9.604545174	24.32559659	14.59674558	25.6682454	7.423578108	34.63795959	6.467687584
SOCS1	89.45723047	184.1761987	140.5289766	217.3197431	117.8210835	88.09512905	130.7221007	41.48023904
SPAG4	0	2.750059352	0	3.970420403	1.048758094	2.161337777	2.02187723	1.779920175
TRPM4	1730.802171	2224.315558	1979.938882	1499.284918	1938.946168	2713.468209	2115.046383	2795.879829
CD160	28.33036347	44.19647878	32.90109188	16.04693994	14.50517167	45.98048933	8.624471248	10.49225763
VILL	87.3457352	34.99806507	57.33212778	98.34906854	329.2966329	233.4886711	791.8155269	467.3277456
FOXP3	2.834620157	1.799692822	2.332624336	1.840945168	4.101249269	3.584875982	0	2.823789868
BACH2	38.59102625	32.50974522	53.41711693	44.06367505	70.6599768	41.27251779	104.6224719	86.446432
CDK6	530.3878312	282.6049938	255.8990281	277.631304	188.3102265	214.7466963	154.4291973	306.4415141
IL7	85.6024569	56.1903647	81.82269865	163.0693931	204.927293	163.751035	373.1622786	211.9548926
MANEA	319.0633493	321.4516912	381.0779949	342.3163696	325.929167	288.7749025	681.9104145	283.6131831
TLR8	1.910178576	3.107294854	2.164608877	1.264919897	21.34924307	3.34843149	0	0
C3AR1	11.72381674	19.5477004	13.61391553	9.984912478	13.89308109	33.00125114	3.871834897	10.25008546
CD79B	4.721478959	95.36470409	138.2893713	135.9131142	111.720132	23.33779307	170.9750769	23.17850782
HESX1	0	0	8.073594212	3.622577204	9.535373826	0	0	4.62923395
REPS2	626.9999182	537.3700026	705.8234994	603.9104564	733.6453265	790.625902	1209.045851	983.9234539
CCR6	1.100075089	6.209794254	13.74856914	13.57495145	6.029530192	3.409723733	19.33554923	4.327777407
ASGR2	0	0	0	2.646686151	1.242963301	0	1.496152321	0
LAMP3	0	0	1.122070437	0.882783484	0	0.943607905	2.636080426	0
RRP9	168.4159421	188.6727538	147.8867529	179.3629828	173.7915341	202.0551424	118.8405433	171.9315495
IRF8	1381.741622	2615.134196	2064.538762	1961.103151	960.447228	1230.257717	1016.727034	651.6139056
KIRREL	11.2192862	8.870030907	7.997105174	12.75465791	13.83402564	3.718089859	12.62275193	5.56733594
RASSF4	286.0312342	536.6936738	456.0556619	373.2391347	128.1186483	237.5882122	38.55947152	73.04864372
TREM1	1.073469679	2.148476323	1.323844271	0	1.714204262	1.088233538	0	0
UBASH3A	0.752688084	7.733992896	8.258769241	14.80024785	6.926414841	5.759787181	6.08616461	2.227920507
GRAP2	14.88055012	46.88519006	44.3836809	30.86544792	35.28038098	50.21530004	30.60053492	16.70636278
GZMK	9.306283905	16.99717508	3.475597741	7.162347154	10.92183589	23.04522418	11.1811495	2.765242092
FAIM3	1.474111985	26.24186273	53.0497439	47.86869015	30.11823299	12.68438888	90.86296062	16.34189117
ABCB4	10.2518879	7.088941246	6.868069703	8.102242583	6.407550166	8.421430984	28.16964685	3.673401431
PBXIP1	1535.319069	1304.107323	1341.530599	1615.351871	1252.964044	1076.582591	1417.552561	1351.58292
NPL	2.740510693	9.042785977	17.80818196	7.058450447	7.763456366	11.03871336	1.258105731	5.402311427
PTGIR	0	0.927771034	2.983914382	3.790325262	0	2.938977507	0	0
HIC1	22.43141933	31.44048915	49.6532846	19.85872981	43.3731187	29.59503761	21.17850222	10.10604251
FAM124B	1.848240196	0.885369587	2.287448085	1.820522991	2.147991395	0.940688957	0	0
ADAMTS3	0.945316817	6.993417899	3.456029841	5.424002166	1.072252746	1.863817525	0	0.9180722
CCR10	7.609416087	10.693249	13.82607686	7.343585454	3.184546517	15.55346325	3.647464132	4.723566517
TNIP3	63.3274716	145.525023	188.0754299	532.6111592	403.0537569	126.9954447	583.7400865	246.9819812
DSC1	0	0	0	0	0	0.939960159	0	6.375567976
TLR7	3.338012501	5.985955314	13.2362416	7.384081372	5.117806404	81.28032328	9.972398394	0.678636872
S1PR5	0.974841565	0	0	0	0	0.936919763	1.213246195	0
FPR1	0.916291926	1.774357826	2.285923043	0	0	4.660764901	1.275620421	0.931727651
ADRB2	13.06627243	10.52435611	12.607784	27.26079735	27.81367698	4.638869685	42.20577229	7.392707316
ZFP36L2	3804.3498	2205.407158	2092.045599	2302.280789	2764.526906	2193.906949	2756.418977	3337.35707
PTPRCAP	27.63852355	86.53267576	58.74251987	51.25801837	60.59323573	55.05061192	50.89771457	20.89345014
STXBP6	271.1244362	327.8217386	233.1872033	373.6661968	352.1833181	235.9362098	431.1932196	354.8971189
MROH7	1.031749927	0.946533382	2.29840191	2.942616178	3.251835441	4.833296888	5.462256797	4.761564193
CXCR5	4.678510805	31.53544388	39.1322093	50.80403785	67.17205655	17.66594644	66.45144003	10.17616546
KCNA3	2.973972378	3.547900438	5.840431259	0.919373041	1.064175181	5.498546949	4.73474189	0
GNG7	5.544480396	8.042751069	6.860187675	10.92860462	1.064953749	0.932312274	6.25530734	1.872488956
BCL11B	244.9724195	186.955028	170.3217187	193.0094159	169.1234171	215.4510821	191.8652332	176.0293105
FAM212B	5.588397567	3.82366126	5.918671445	3.819584183	1.847013002	1.620396627	0	0
CXCR6	17.40259982	57.79821937	32.94211902	24.33678293	34.41568067	56.82164204	24.92708309	21.30765475
EFNA5	0	2.637167163	0	0	0	0	0	0.919173357
CCR2	14.82946088	32.78025212	30.47818566	15.83215912	28.0325682	58.91032821	15.56256493	17.69897538
C5AR1	9.137467714	17.83461372	11.41753475	5.533111159	11.54268663	8.461371071	5.033777245	0.938865741
MMP12	8.136071651	18.45786891	10.8976621	21.28832828	7.648077309	35.37428599	10.39784095	10.0379467
ANKRD55	0	1.87287286	0.729313602	1.563902427	0	0	2.177237594	0
GPR171	17.80874924	19.43187923	17.11218625	19.97529793	23.39894324	16.2963801	7.890555545	8.239294417
FZD2	41.82890746	48.27941044	25.39293604	38.52713194	6.337033807	18.47984788	8.499085141	6.564793349
GPR18	11.14685127	36.23221827	33.08529169	24.50055614	13.90557039	22.4340879	26.60620892	7.431089257
P2RY10	11.25395592	39.62458672	47.31411774	28.70948316	30.25474626	37.69727125	42.83613044	10.66058887
RGS13	162.6530618	104.690344	96.72597884	77.62702231	121.6588278	68.83039659	75.69167262	150.9708695
GPR183	7.383243045	9.622539803	15.97145182	23.41215192	17.11546469	12.22741613	24.5182411	8.358112098
FFAR2	270.5788225	130.3335204	66.90212813	175.3237284	127.4011128	158.3103141	124.6366309	167.7767361
SEC31B	16.71203399	6.490767732	3.60982938	3.582656317	0	2.920092778	2.350090157	15.87772176
FPR2	1.05923889	2.174430548	3.644741945	6.434135649	1.248281109	1.501760828	1.534628881	1.081175731
PLEKHG3	369.1018828	65.15789161	171.5291813	266.1394652	601.2869303	462.9628113	596.0994994	528.0286518
HRH1	274.2221573	199.3076459	369.2634139	292.7592888	601.2061839	372.2417996	727.2167602	460.6183644
CREB5	0	0	0	0	1.070189773	0	0	0.918600382
BRSK2	0.934277844	1.353801048	3.398579441	0	1.987905135	0	3.496124075	0.6330538
FES	89.28951822	83.69364931	67.60894002	85.33105828	0	66.6181645	188.5535821	85.93823393
CEACAM3	0	0	1.146738634	0	1.074330738	0	0	0
SLAMF8	6.572329133	14.00753539	9.129810287	6.374360796	11.83953648	26.96420086	7.584600521	2.776098335
TNFAIP6	0.900462526	1.756616584	1.139430452	0.91374755	0	0	1.322599405	0.918221518
TGM5	6.478575689	14.93236208	21.65401588	20.76053291	41.48299692	42.44529023	91.30012498	26.43397331
DPEP2	2.621671405	1.935847316	3.796642102	2.381801247	3.552543448	5.114932669	0	1.022442774
MAST1	7.950851336	6.586997708	2.148010431	3.120582558	4.93126971	1.710257204	6.825146514	2.565426763
CD8A	40.57006542	130.0590792	134.1885449	49.07937283	75.64379202	160.0820498	26.37505338	27.6410349
GZMM	3.724890425	5.32573835	0	1.82743305	3.18347214	3.706166153	2.519126225	3.719860792
TXK	0	18.56566375	24.05231978	0	0	0	0	0
NAALADL1	1607.457185	410.741083	1071.052007	319.9188834	97.67008167	79.52074696	66.75421398	118.3131554
IFNG	0	6.149731008	3.417683774	2.675906296	2.131338045	3.815608938	1.301625822	0.903035877
DACH1	32.92562764	31.91477021	17.07491757	13.58556199	6.387861858	9.489212438	3.834666033	10.1900771
NOD2	79.53991515	71.17855323	66.30112612	81.09900529	68.58568304	74.12260628	68.64982689	30.70288566
COL8A2	1.864892863	0	0	0.920514773	0	0.924013205	0	0
SKAP1	12.25847633	35.82035809	20.70996118	19.64660948	20.34337874	31.5597991	20.84382638	8.815530186
COLQ	0	7.963838332	11.39401267	7.274608522	8.524087127	0.930576945	17.69881735	1.856363648
SPOCK2	12.16675104	15.97567286	19.42901142	8.201271099	12.73172079	10.24494243	13.81882916	5.587166676
HIST1H2BG	11.62571461	34.08092124	36.19769119	7.311620207	25.4743077	11.98699021	39.36666647	21.14283801
OSM	0	0	2.310100375	2.746131089	0	2.812408138	1.242901163	0
NFE2	2.361302726	1.134505676	2.929056834	1.873673396	3.771301421	1.301956828	3.221719848	5.503694743
RCAN3	466.4969922	253.7744814	354.7506406	419.0052483	391.7723937	335.4441329	489.9484644	554.4942286
KCNG2	0	0	1.159630809	0	1.062386885	0	0	0
ATP8B4	7.579908791	4.912363402	2.11930348	4.199478269	2.964183738	10.52934766	3.636383365	2.412036285
CXCL11	7.522283849	2.040383402	1.3195449	10.35659183	18.92806324	17.03381074	55.8415844	24.16013745
GPR97	0.931895545	1.772069667	0	0	0	0	0	0
ATHL1	314.7177679	233.6791562	291.1586572	248.8698815	278.5341811	304.7975715	600.679967	290.8935041
ICA1	435.067671	216.9962914	276.3164478	412.8012542	373.6305034	168.7845071	523.7545665	533.1284183
ARHGAP22	6.622705564	3.824415069	2.396626089	7.333837439	10.25544874	3.175471994	2.540684196	3.822583526
CST7	9.229187494	18.38620872	24.01940988	5.471460548	15.07282649	18.64572364	12.74529626	5.564856683
IL2RB	66.52659745	95.74502724	81.7490248	50.70808223	71.12356545	102.8299328	55.13467191	26.90557911
ZBTB10	426.2159858	282.7733872	337.1237729	283.9531082	380.68706	361.4459749	245.7973374	462.8059419
HIST1H2AE	81.55825193	6.11155049	42.23293353	72.38083109	52.30642902	11.6503184	5.776963072	3.829971077
SP140	79.86177592	218.5846445	193.490485	413.1922739	117.7589159	61.9954869	320.3140216	16.03721945
CCL19	0.991173862	0	3.829707014	1.889814802	3.390037598	0.960466358	2.543349802	0
RASGRP3	7.348711264	32.13942119	55.7437274	50.59055679	39.50698332	15.17860514	48.43751999	17.47231774
TREML2	1.861798092	6.113362306	15.85047294	15.47911568	16.0221035	0	16.94518095	0.918338033
PTGDR	0.929859836	0	1.14606274	0	1.071552733	1.887676185	0	0
LST1	8.437364135	16.73429225	5.748375322	4.532818713	17.14538796	9.331902717	11.39969941	6.421819932
PLEKHF1	38.25696541	39.57428948	18.25538732	18.15553118	12.91674366	20.49578575	7.58931168	15.76909571
C5AR2	1.818019007	5.379242718	3.427846842	5.494828427	5.335199027	3.738532995	6.293792512	3.73640868
CD80	0	2.631722225	0	3.583235942	3.206580036	0	2.580994506	2.751690187
SCN9A	0.928176888	0	0	0	1.082332917	0	0	0
GAL3ST4	4.422238358	0.902405384	2.318638628	1.86013555	0	0	0	0
TRBC1	30.09782234	32.22783585	47.99903094	29.29437245	22.62267821	37.08092143	35.57347892	21.94092997
IGKC	2843.942324	16254.89418	7644.426295	9049.60131	7843.887908	7472.93919	1900.24867	1136.960549
IGHM	53.93470075	194.7878158	462.205319	319.236543	309.690798	106.5797381	504.5160814	121.4565364
TRAV13-1	0	0.883003351	0	0	0	0.930811198	0	0
TRAV13-2	0	0	0	0.906563743	0	0	0	0
TRAC	6.562394328	14.09203558	9.197400515	8.159073683	18.21697471	27.06251788	0	0
FAM174B	810.6552568	771.1716705	630.7801313	821.4766463	714.008948	587.8032944	599.5159857	1037.539006
CCR5	43.62877319	15.07687401	39.83726344	23.33084276	40.29575126	39.3346654	9.771264511	21.06693824
CLEC7A	2.501263075	46.19316354	17.71627552	42.46640497	22.63847899	25.17323292	24.80002395	5.830134075
KLRB1	0	2.624972925	1.141677583	0	1.054696142	0.961063298	0	0
ST6GALNAC4	260.5749215	277.2683271	230.1132061	452.826163	585.1187437	392.7132202	505.4824254	598.4214313
NTN3	1.930211463	0	0	0	0	0	1.199038619	0.94138482
IGHE	0	4.399054805	1.148116938	0	0	2.80636933	0	0
UGT1A8	696.3750998	0	3.463575887	148.6459293	0	0	0	0
LIME1	62.86195912	73.03448442	72.79843862	52.5568335	42.92264073	41.77002126	33.08025872	32.06576003
TRAV9-2	0.946783826	0	0	0	1.061062062	0	0	0
TRAV12-2	0	0	0	0.906563743	0	2.799570815	0	0
ICOS	0	0	0	4.532818713	0	0	0	0
PCDHA5	0	0	0	0	0	2.799570815	0	0
IGHD	4.253814672	175.3473554	162.1514845	119.2344202	91.70660955	15.68861872	163.6920646	23.87312325